ACC:	0.9441818181818182
Precision:	0.8428063943161634
Recall:	0.4745
F1:	0.6071657069737685
AUPR:	0.6795985986276005
AUROC:	0.8963968875
