ACC:	0.9339545454545455
Precision:	0.6295594504973946
Recall:	0.6645
F1:	0.6465580150814887
AUPR:	0.7308024867145319
AUROC:	0.9173361625
