ACC:	0.9638545454545454
Precision:	0.7714491708723864
Recall:	0.856
F1:	0.8115282518012894
AUPR:	0.9005345257435892
AUROC:	0.979946718
