ACC:	0.9736747273589379
Precision:	0.8514238547255468
Recall:	0.8606591572799333
F1:	0.8560165975103734
AUPR:	0.9265610180548474
AUROC:	0.9839056185855124
