ACC:	0.9648545454545454
Precision:	0.7851962060628603
Recall:	0.8444
F1:	0.8137226558735666
AUPR:	0.8947852422983689
AUROC:	0.97775557
