ACC:	0.9656727272727272
Precision:	0.8627039627039627
Recall:	0.7402
F1:	0.7967707212055973
AUPR:	0.8704687543572736
AUROC:	0.969227148
