ACC:	0.9401229180304023
Precision:	0.7108969607116382
Recall:	0.5754
F1:	0.6360119376588923
AUPR:	0.6973751884105381
AUROC:	0.9170299083926715
