ACC:	0.9399956360462579
Precision:	0.6810822326374094
Recall:	0.6394
F1:	0.6595832473695068
AUPR:	0.7180251702853224
AUROC:	0.9157925594047523
