ACC:	0.8859545454545454
Precision:	0.3866369710467706
Recall:	0.434
F1:	0.4089517078916372
AUPR:	0.45424830197222915
AUROC:	0.7831512125
