ACC:	0.8963636363636364
Precision:	0.4202733485193622
Recall:	0.369
F1:	0.3929712460063898
AUPR:	0.41610906823515686
AUROC:	0.7468631625000001
