ACC:	0.8544090909090909
Precision:	0.2781261527111767
Recall:	0.377
F1:	0.32010188919549987
AUPR:	0.31548497018882093
AUROC:	0.759110425
