ACC:	0.9143272727272728
Precision:	0.5584890333062551
Recall:	0.275
F1:	0.368533905119271
AUPR:	0.4052315774494853
AUROC:	0.7781124820000002
