ACC:	0.8756545454545455
Precision:	0.3483924154987634
Recall:	0.4226
F1:	0.3819249887031179
AUPR:	0.39712914629030904
AUROC:	0.7857456600000001
