ACC:	0.9099090909090909
Precision:	0.5069081977279706
Recall:	0.3302
F1:	0.39990311251059707
AUPR:	0.4333497005557427
AUROC:	0.805400666
