ACC:	0.9171636363636364
Precision:	0.5874704491725768
Recall:	0.2982
F1:	0.39559564871318653
AUPR:	0.454466075407748
AUROC:	0.820772988
