ACC:	0.9337316263632053
Precision:	0.8299492385786802
Recall:	0.34105131414267836
F1:	0.48344175044352455
AUPR:	0.6272317983872888
AUROC:	0.8968090468004926
