ACC:	0.9584447605500237
Precision:	0.7723373090604729
Recall:	0.7699207342511473
F1:	0.7711271283819076
AUPR:	0.8474954481079033
AUROC:	0.9612328403835484
