ACC:	0.9463821716453296
Precision:	0.8221421552571241
Recall:	0.5235711305798916
F1:	0.6397349305467057
AUPR:	0.7260456815814333
AUROC:	0.9276135885503678
