ACC:	0.9131272727272727
Precision:	0.5208333333333334
Recall:	0.555
F1:	0.5373741285824942
AUPR:	0.5936459995084612
AUROC:	0.878316672
