ACC:	0.9268727272727273
Precision:	0.7595541401273885
Recall:	0.2862
F1:	0.41574665891923307
AUPR:	0.5273848249167513
AUROC:	0.856103056
