ACC:	0.9279090909090909
Precision:	0.6786330686917501
Recall:	0.3932
F1:	0.497910598961631
AUPR:	0.5650073056705633
AUROC:	0.872991454
