ACC:	0.8989454545454545
Precision:	0.438922942206655
Recall:	0.401
F1:	0.41910535117056863
AUPR:	0.439825532044684
AUROC:	0.811109728
