ACC:	0.9237090909090909
Precision:	0.6838975297346752
Recall:	0.299
F1:	0.4160868355134985
AUPR:	0.5161442047545983
AUROC:	0.86391536
