ACC:	0.9170181818181818
Precision:	0.5758524704244955
Recall:	0.331
F1:	0.42037084074168146
AUPR:	0.4798344240377417
AUROC:	0.8411795779999999
