ACC:	0.8839551967415812
Precision:	0.35146173688736027
Recall:	0.327
F1:	0.33878988810609206
AUPR:	0.33424161458913954
AUROC:	0.7736829326346109
