ACC:	0.9119208669721435
Precision:	0.5434298440979956
Recall:	0.1952
F1:	0.2872277810476751
AUPR:	0.36367787061151197
AUROC:	0.7931401632130571
