ACC:	0.9023383518801368
Precision:	0.4292254864555513
Recall:	0.225
F1:	0.2952368455583257
AUPR:	0.33320581425320395
AUROC:	0.7716568445475638
