ACC:	0.8985562586369917
Precision:	0.3810110974106042
Recall:	0.1854
F1:	0.24942822548096324
AUPR:	0.2839085778270335
AUROC:	0.7594997099767982
