ACC:	0.9300909090909091
Precision:	0.6277654867256637
Recall:	0.5675
F1:	0.5961134453781511
AUPR:	0.6515507865767622
AUROC:	0.8650969500000001
