ACC:	0.9423636363636364
Precision:	0.6572164948453608
Recall:	0.765
F1:	0.7070240295748613
AUPR:	0.7829332624697101
AUROC:	0.95135028
