ACC:	0.9508392603129445
Precision:	0.756882874475035
Recall:	0.6766791823112224
F1:	0.7145374449339208
AUPR:	0.7834344560917248
AUROC:	0.9494498296975662
