ACC:	0.9391636363636363
Precision:	0.6778494623655914
Recall:	0.6304
F1:	0.6532642487046632
AUPR:	0.7180669408712339
AUROC:	0.9294176679999999
