ACC:	0.9519818181818182
Precision:	0.7928979389123417
Recall:	0.6386
F1:	0.7074332557881909
AUPR:	0.7796890097901971
AUROC:	0.9496680860000001
