ACC:	0.9159029747618008
Precision:	0.535277516462841
Recall:	0.569
F1:	0.551623848763936
AUPR:	0.5854508653287538
AUROC:	0.8975408872709816
