ACC:	0.9085
Precision:	0.0
Recall:	0.0
F1:	nan
AUPR:	0.12237309173928448
AUROC:	0.6634688249999999
