ACC:	0.9088288288288289
Precision:	0.0
Recall:	0.0
F1:	nan
AUPR:	0.1775947107318959
AUROC:	0.7662741502445016
