ACC:	0.9438181818181818
Precision:	0.9922680412371134
Recall:	0.385
F1:	0.5547550432276658
AUPR:	0.6403567003915087
AUROC:	0.8151619375
