ACC:	0.9519393077287814
Precision:	0.908532176428055
Recall:	0.5241969128076762
F1:	0.6648148148148149
AUPR:	0.7925304522667753
AUROC:	0.9460469035558319
