ACC:	0.8905
Precision:	0.3068932955618508
Recall:	0.1625
F1:	0.21248774109186008
AUPR:	0.217494669387115
AUROC:	0.6473744375
