ACC:	0.9721005215742058
Precision:	0.8854094177684992
Recall:	0.796203587818106
F1:	0.8384404173531027
AUPR:	0.9098817671193496
AUROC:	0.9807883728910929
