ACC:	0.9379454545454545
Precision:	0.7362310211372433
Recall:	0.4946
F1:	0.591697571479842
AUPR:	0.6612168049397128
AUROC:	0.9026043579999998
