ACC:	0.9176181818181818
Precision:	0.6072245084590764
Recall:	0.2656
F1:	0.3695561430360373
AUPR:	0.4413232865037222
AUROC:	0.8265818720000002
