ACC:	0.9258636363636363
Precision:	0.5991402471789361
Recall:	0.5575
F1:	0.5775705775705775
AUPR:	0.6451338409231095
AUROC:	0.878342775
