ACC:	0.9352727272727273
Precision:	0.7622950819672131
Recall:	0.4185
F1:	0.540348612007747
AUPR:	0.6008636535869333
AUROC:	0.8577889874999999
