ACC:	0.9666
Precision:	0.8081044223650886
Recall:	0.8296
F1:	0.8187111418138755
AUPR:	0.8938356567174535
AUROC:	0.9786413599999999
