ACC:	0.9575818181818182
Precision:	0.7989240080699395
Recall:	0.7128
F1:	0.7534087305781629
AUPR:	0.8349079972832227
AUROC:	0.9626816840000001
