ACC:	0.9731816026552869
Precision:	0.8677110530896431
Recall:	0.8318731748018356
F1:	0.8494142705005324
AUPR:	0.9166599473027628
AUROC:	0.9833715562143386
