ACC:	0.9704883831199621
Precision:	0.8641475483580747
Recall:	0.8014184397163121
F1:	0.8316017316017318
AUPR:	0.9075026743538265
AUROC:	0.9809816937428139
