ACC:	0.9614
Precision:	0.7838957963291888
Recall:	0.7944
F1:	0.7891129432800238
AUPR:	0.869956878715636
AUROC:	0.97427292
