ACC:	0.9566
Precision:	0.7794652406417112
Recall:	0.7288
F1:	0.75328165374677
AUPR:	0.8251862291671426
AUROC:	0.961003454
