ACC:	0.9570363636363637
Precision:	0.8869973583798063
Recall:	0.6044
F1:	0.7189247056024741
AUPR:	0.8258876835383417
AUROC:	0.9608972280000001
