ACC:	0.9619636363636364
Precision:	0.872057318321392
Recall:	0.6816
F1:	0.7651549169286035
AUPR:	0.8577451012722743
AUROC:	0.969842136
