ACC:	0.9418139501054622
Precision:	0.7217841301133563
Recall:	0.5858
F1:	0.6467211304923823
AUPR:	0.7010641135580788
AUROC:	0.9171228878310266
