ACC:	0.9348316241181177
Precision:	0.6805201427842937
Recall:	0.5338
F1:	0.5982963461107376
AUPR:	0.6580144853096582
AUROC:	0.9077595967677415
