ACC:	0.9526818181818182
Precision:	0.8044444444444444
Recall:	0.6335
F1:	0.7088111888111888
AUPR:	0.7506142716599564
AUROC:	0.8928278500000001
