ACC:	0.9683454545454545
Precision:	0.8285944746924784
Recall:	0.8218
F1:	0.8251832513304548
AUPR:	0.8963827873618859
AUROC:	0.9785820580000001
