ACC:	0.9734091986723565
Precision:	0.8642611683848798
Recall:	0.8393825615352524
F1:	0.8516402116402116
AUPR:	0.9222315168631303
AUROC:	0.9841864030712276
