ACC:	0.9629818181818182
Precision:	0.7875436554132712
Recall:	0.8118
F1:	0.7994878865471735
AUPR:	0.8761767383100825
AUROC:	0.9741149500000001
