ACC:	0.9646545454545454
Precision:	0.9070324986680873
Recall:	0.681
F1:	0.7779300891021248
AUPR:	0.8747977996173008
AUROC:	0.9716590199999998
