ACC:	0.9366135718961379
Precision:	0.6605854900296988
Recall:	0.6228
F1:	0.641136504014824
AUPR:	0.6902781410929528
AUROC:	0.9176048463877111
