ACC:	0.8855454545454545
Precision:	0.15649867374005305
Recall:	0.059
F1:	0.08569353667392883
AUPR:	0.12332877425066835
AUROC:	0.5875037000000001
