ACC:	0.8687272727272727
Precision:	0.2795431976166832
Recall:	0.2815
F1:	0.28051818634778275
AUPR:	0.2877522665581458
AUROC:	0.6763279625
