ACC:	0.8993272727272728
Precision:	0.3930704898446834
Recall:	0.1974
F1:	0.2628145386766076
AUPR:	0.2868358377300652
AUROC:	0.730492584
