ACC:	0.9114909090909091
Precision:	0.519298245614035
Recall:	0.3552
F1:	0.4218527315914489
AUPR:	0.4445672947520094
AUROC:	0.8031310239999999
