ACC:	0.9665433854907539
Precision:	0.8511821974965229
Recall:	0.7659574468085106
F1:	0.8063241106719367
AUPR:	0.8818454630612842
AUROC:	0.9744643115167805
