ACC:	0.9699383594120436
Precision:	0.8500981889591971
Recall:	0.8126825198164372
F1:	0.8309693931961182
AUPR:	0.9004386751251213
AUROC:	0.9777611302027501
