ACC:	0.9384545454545454
Precision:	0.6806083650190115
Recall:	0.6086
F1:	0.6425931791785452
AUPR:	0.7026752195023428
AUROC:	0.922995924
