ACC:	0.9245272727272728
Precision:	0.6073324905183313
Recall:	0.4804
F1:	0.536460078168621
AUPR:	0.575557510228819
AUROC:	0.8659179979999998
