ACC:	0.9126909090909091
Precision:	0.5340909090909091
Recall:	0.3102
F1:	0.3924595141700405
AUPR:	0.43448339683780834
AUROC:	0.8191847
