ACC:	0.9019272727272727
Precision:	0.39782157676348545
Recall:	0.1534
F1:	0.2214203233256351
AUPR:	0.2773410640298076
AUROC:	0.752305318
