ACC:	0.8831733216961234
Precision:	0.22606689734717417
Recall:	0.1176
F1:	0.15471648467306934
AUPR:	0.1605567891377287
AUROC:	0.6542693515481238
