ACC:	0.8921012437268165
Precision:	0.35286704473850034
Recall:	0.224
F1:	0.27403963787619284
AUPR:	0.29612377223712893
AUROC:	0.7543508980718456
