ACC:	0.9091818181818182
Precision:	0.5003623188405797
Recall:	0.6905
F1:	0.5802521008403361
AUPR:	0.701625698934451
AUROC:	0.8977408625000001
