ACC:	0.9590363636363637
Precision:	0.7397451562227265
Recall:	0.8476
F1:	0.7900083884798211
AUPR:	0.8788678930370052
AUROC:	0.976029478
