ACC:	0.9702607871028923
Precision:	0.8314837648993013
Recall:	0.8439716312056738
F1:	0.83768115942029
AUPR:	0.9115592703949431
AUROC:	0.9831490293196902
