ACC:	0.9572181818181819
Precision:	0.734871339840284
Recall:	0.8282
F1:	0.7787494123178186
AUPR:	0.8625997901769838
AUROC:	0.9737823460000001
