ACC:	0.9629272727272727
Precision:	0.8407364787111623
Recall:	0.7306
F1:	0.7818084537185661
AUPR:	0.8559156267487387
AUROC:	0.9678032199999999
