ACC:	0.9345952432904211
Precision:	0.6382266009852217
Recall:	0.6478
F1:	0.6429776674937965
AUPR:	0.7068194321085495
AUROC:	0.9245502940235218
