ACC:	0.9325
Precision:	0.6440962506994964
Recall:	0.5755
F1:	0.6078690256139425
AUPR:	0.6753457339728485
AUROC:	0.8714082000000001
