ACC:	0.9168636363636363
Precision:	0.5380507343124166
Recall:	0.6045
F1:	0.5693430656934307
AUPR:	0.6839331413464977
AUROC:	0.8789787125
