ACC:	0.9489272727272727
Precision:	0.7422065001105461
Recall:	0.6714
F1:	0.7050299275438413
AUPR:	0.7775594837696729
AUROC:	0.9501300859999999
