ACC:	0.9510545454545455
Precision:	0.7369609856262833
Recall:	0.7178
F1:	0.7272543059777101
AUPR:	0.8006515693991282
AUROC:	0.958083388
