ACC:	0.9456804172593646
Precision:	0.8102893890675241
Recall:	0.5256570713391739
F1:	0.6376518218623481
AUPR:	0.7402075510930651
AUROC:	0.9364680134382091
