ACC:	0.9495874822190612
Precision:	0.7929237520570488
Recall:	0.6030454735085523
F1:	0.6850710900473933
AUPR:	0.7685380639779746
AUROC:	0.9465352855172922
