ACC:	0.9387090909090909
Precision:	0.7465940054495913
Recall:	0.4932
F1:	0.5940021678911237
AUPR:	0.6710690911984267
AUROC:	0.9136946659999999
