ACC:	0.9415818181818182
Precision:	0.7283414260158446
Recall:	0.57
F1:	0.6395153147088521
AUPR:	0.7085705903994153
AUROC:	0.9286624480000001
