ACC:	0.9528363636363636
Precision:	0.8464861751152074
Recall:	0.5878
F1:	0.6938149197355996
AUPR:	0.8003330452271077
AUROC:	0.955087988
