ACC:	0.9502
Precision:	0.8505426356589147
Recall:	0.5486
F1:	0.6669908814589666
AUPR:	0.7808715839645803
AUROC:	0.947704398
