ACC:	0.9223034402502001
Precision:	0.5764780138859668
Recall:	0.548
F1:	0.561878396390854
AUPR:	0.6109885663520953
AUROC:	0.9031002880230418
