ACC:	0.9216852134700706
Precision:	0.5781990521327014
Recall:	0.5124
F1:	0.5433146007846463
AUPR:	0.5890916478437027
AUROC:	0.8971159232738618
