ACC:	0.9405909090909091
Precision:	0.6865912762520194
Recall:	0.6375
F1:	0.6611355976147265
AUPR:	0.7304257461327167
AUROC:	0.8941787625
