ACC:	0.9675818181818182
Precision:	0.8157016683022571
Recall:	0.8312
F1:	0.8233779098563644
AUPR:	0.8944763499777353
AUROC:	0.978243156
