ACC:	0.9764058795637743
Precision:	0.8691763727121464
Recall:	0.8717146433041302
F1:	0.8704436575713392
AUPR:	0.936332176619884
AUROC:	0.986950249553473
