ACC:	0.9656
Precision:	0.7986164488854727
Recall:	0.8312
F1:	0.8145825166601333
AUPR:	0.8886921779271618
AUROC:	0.976516142
