ACC:	0.9632
Precision:	0.8697813121272365
Recall:	0.7
F1:	0.7757092198581561
AUPR:	0.8602321013252253
AUROC:	0.96648916
