ACC:	0.9322859844352317
Precision:	0.6299918500407498
Recall:	0.6184
F1:	0.6241421073879693
AUPR:	0.6753211567676332
AUROC:	0.9069621109688776
