ACC:	0.7711818181818182
Precision:	0.22852541159627773
Recall:	0.6385
F1:	0.3365840801265156
AUPR:	0.45523767054442066
AUROC:	0.76191925
