ACC:	0.8210363636363637
Precision:	0.2752668213457077
Recall:	0.5932
F1:	0.3760380348652932
AUPR:	0.3939238236124659
AUROC:	0.7990171379999998
