ACC:	0.9189568515884305
Precision:	0.5635831095923847
Recall:	0.48164372131831457
F1:	0.5194016421099988
AUPR:	0.5486363958862439
AUROC:	0.8591046655363217
