ACC:	0.8984181818181818
Precision:	0.43598691384950927
Recall:	0.3998
F1:	0.4171100678142931
AUPR:	0.4213176704240045
AUROC:	0.8027572279999999
