ACC:	0.8261454545454545
Precision:	0.28251334858886346
Recall:	0.5926
F1:	0.3826188016528925
AUPR:	0.40558934114592404
AUROC:	0.8117046400000001
