ACC:	0.7517455814968361
Precision:	0.20796490043874452
Recall:	0.6162
F1:	0.3109765329295988
AUPR:	0.29689860720084665
AUROC:	0.7759606968557484
