ACC:	0.967
Precision:	0.8452200303490136
Recall:	0.7798
F1:	0.8111931759076251
AUPR:	0.8907168315602241
AUROC:	0.977963148
