ACC:	0.9740350877192983
Precision:	0.8837105086264845
Recall:	0.8226950354609929
F1:	0.852111915307335
AUPR:	0.9245992394826049
AUROC:	0.9852132015457103
