ACC:	0.9634727272727273
Precision:	0.8149084017687934
Recall:	0.774
F1:	0.793927582316135
AUPR:	0.8725105388133224
AUROC:	0.9739741379999999
