ACC:	0.9608727272727273
Precision:	0.9015792442188382
Recall:	0.6394
F1:	0.7481862859817457
AUPR:	0.8606115414183387
AUROC:	0.9714939199999998
