ACC:	0.9076363636363637
Precision:	0.4926267281105991
Recall:	0.5345
F1:	0.5127098321342926
AUPR:	0.564434204368072
AUROC:	0.801197575
