ACC:	0.8977272727272727
Precision:	0.4494336569579288
Recall:	0.5555
F1:	0.49686940966010734
AUPR:	0.581117605709963
AUROC:	0.8077986125
