ACC:	0.9106181818181818
Precision:	0.5148619957537155
Recall:	0.291
F1:	0.37183746486072067
AUPR:	0.4017327358922184
AUROC:	0.795158836
