ACC:	0.9043818181818182
Precision:	0.46190055898793764
Recall:	0.314
F1:	0.37385403024169545
AUPR:	0.3918296366658688
AUROC:	0.7932656699999999
