ACC:	0.9184826932195354
Precision:	0.7
Recall:	0.1810596579057155
F1:	0.2877030162412993
AUPR:	0.4155960755721133
AUROC:	0.8067339351771377
