ACC:	0.9198293029871977
Precision:	0.7642124883504194
Recall:	0.17104714226115977
F1:	0.2795295721833987
AUPR:	0.4314607441611539
AUROC:	0.8173890533975505
