ACC:	0.9167818181818181
Precision:	0.693858845096242
Recall:	0.1514
F1:	0.24856345427680185
AUPR:	0.3717324289560871
AUROC:	0.77887579
