ACC:	0.9151818181818182
Precision:	0.6356275303643725
Recall:	0.157
F1:	0.25180433039294303
AUPR:	0.3587691970389373
AUROC:	0.77239606
