ACC:	0.9108
Precision:	0.5165260196905767
Recall:	0.2938
F1:	0.374553799082101
AUPR:	0.41401478905548517
AUROC:	0.806913018
