ACC:	0.9056181818181818
Precision:	0.47144992526158447
Recall:	0.3154
F1:	0.3779508687837028
AUPR:	0.41199115750925214
AUROC:	0.8068459360000001
