ACC:	0.8977743835915339
Precision:	0.4166219839142091
Recall:	0.3108
F1:	0.3560137457044674
AUPR:	0.3618227029869603
AUROC:	0.7909220077606209
