ACC:	0.8866281184086116
Precision:	0.36903499469777307
Recall:	0.348
F1:	0.3582089552238806
AUPR:	0.362583014351623
AUROC:	0.7958933314665173
