ACC:	0.945
Precision:	0.8440766550522648
Recall:	0.4845
F1:	0.6156289707750953
AUPR:	0.6556069525327509
AUROC:	0.8658599624999999
