ACC:	0.946
Precision:	0.6760319112036074
Recall:	0.7796
F1:	0.7241315251718373
AUPR:	0.8091044968293041
AUROC:	0.95865661
