ACC:	0.9520531057373163
Precision:	0.7413719642096294
Recall:	0.7259073842302879
F1:	0.7335581787521079
AUPR:	0.8029139328227333
AUROC:	0.9557205947218994
