ACC:	0.9369818181818181
Precision:	0.6436329588014982
Recall:	0.6874
F1:	0.6647969052224372
AUPR:	0.7328668171730569
AUROC:	0.9373041539999999
