ACC:	0.9538363636363636
Precision:	0.8040523844823326
Recall:	0.6508
F1:	0.7193544821487787
AUPR:	0.7976408428386117
AUROC:	0.9529867640000003
