ACC:	0.9239581060440759
Precision:	0.5842604037906881
Recall:	0.5672
F1:	0.5756038157093567
AUPR:	0.6160753053743077
AUROC:	0.9009904992399393
