ACC:	0.939212897107634
Precision:	0.8107156824403597
Recall:	0.43241551939924905
F1:	0.5640048972928853
AUPR:	0.675018455019331
AUROC:	0.9075311287196872
