ACC:	0.8622272727272727
Precision:	0.3361931998728948
Recall:	0.529
F1:	0.4111132698659413
AUPR:	0.4950538031409605
AUROC:	0.7766712374999999
