ACC:	0.8433454545454545
Precision:	0.2896696137738483
Recall:	0.498
F1:	0.3662842012356576
AUPR:	0.3890715809894407
AUROC:	0.76576854
