ACC:	0.9369938359412043
Precision:	0.6646532438478747
Recall:	0.6197329995828118
F1:	0.6414075993091537
AUPR:	0.7008497555847345
AUROC:	0.9097413398642763
