ACC:	0.9062727272727272
Precision:	0.4837696335078534
Recall:	0.462
F1:	0.4726342710997443
AUPR:	0.49349440788777044
AUROC:	0.821579238
