ACC:	0.8549818181818182
Precision:	0.30932854946181443
Recall:	0.4828
F1:	0.3770696657294595
AUPR:	0.40513690657081725
AUROC:	0.790979132
