ACC:	0.818841370281475
Precision:	0.2513776174731991
Recall:	0.5018
F1:	0.33495761297643684
AUPR:	0.34218948374899927
AUROC:	0.7712280622449796
